137
176
243
244
305
338
444
564
612
681
750
753
774
785
996
999
1046
1054
1130
1254
1727
1775
1978
1983
1986
1990
2082
2088
2092
2099
2118
2130
2141
2153
2157
2160
2162
2164
2170
2187
2216
2249
2265
2266
2267
2284
2315
2337
2369
2375
2391
2405
2435
2471
2474
2477
2478
2479
2481
2519
2520
2537
2541
2554
2564
2576
2578
2583
2585
2662
2678
2708
2712
2719
2720
2726
2727
2732
2733
2749
2754
2756
2764
2771
2784
2789
2801
2802
2803
2812
2895
2905
2907
2913
2955
2973
2995
3007
3009
3016
3019
3042
3059
3100
3108
3114
3117
3121
3152
3156
3157
3162
3168
3180
3202
3261
3291
3292
3305
3308
3324
3331
3333
3339
3341
3342
3345
3348
3356
3365
3366
3372
3373
3385
3386
3393
3394
3397
3410
3415
3440
3446
3463
3467
3476
3478
3488
3519
3520
3559
3599
3637
3639
3647
3652
3657
3658
3672
3675
3676
3690
3696
3702
3715
3739
3749
3759
3763
3767
3784
3821
3825
3826
3869
3878
3883
3893
3899
3902
3948
3950
3955
3957
3958
3961
3964
3998
4011
4030
4032
4033
4037
4044
4054
4062
4064
4091
4095
4100
4107
4114
4121
4158
4168
4170
4171
4173
4178
4189
4192
4195
4197
4201
4205
4211
4212
4236
4409
4436
4440
4449
4456
4463
4474
4485
4493
4497
4499
4510
4543
4583
4594
4595
4601
4614
4616
4632
4634
4636
4679
4735
4737
4740
4748
4756
4761
4763
4771
4828
4829
4870
4873
4893
4906
4908
4909
4911
4913
4914
4915
4917
4927
4932
4934
4943
4946
4976
4993
4999
5002
5029
5035
5039
5070
5073
5078
5095
5152
5161
5193
5206
5215
5253
5291
5311
5314
5328
5329
5339
5344
5358
5379
5381
5391
5394
5401
5403
5411
5426
5452
5453
5472
5479
5483
5487
5503
5505
5509
5526
5533
5546
5556
5564
5566
5572
5576
5578
5583
5584
5593
5625
5656
5665
5717
5719
5732
5734
5743
5746
5755
5757
5770
5775
5790
5816
5819
5826
5833
5852
5865
5870
5878
5881
5910
5920
5959
5994
6005
6010
6013
6018
6041
6047
6049
6058
6099
6196
6215
6249
6253
6256
6291
6446
6476
6741
6834
6883
7027
7028
7029
7187
7699
8223
8612
8982
9034
9294
9433
9444
9651
9782
9878
10531
10607
12035
12560
13109
13342
13505
14052
14969
16078
16231
16362
16850
18283
18381
19649
20279
22297
22419
22571
23897
23925
23978
23994
26757
26987
27447
27661
28417
29327
30323
30487
31101
31307
31378
31477
31703
33255
33613
33624
33741
34312
34359
35370
36314
36462
36811
37542
38853
39147
39186
39468
39765
40326
40632
40973
41693
41867
42113
42890
43672
43815
44093
47576
47811
47965
51039
51263
51634
53025
53232
54454
54585
54687
54746
54841
54892
55245
55283
56339
56959
57469
59227
59768
60164
60198
60490
60606
60648
60700
60726
60750
60753
60795
60815
60823
60825
60835
60838
60846
60854
60855
60857
60877
60947
60953
60961
62930
62959
64139
64143
65015
65016
65028
65628
65981
65999
68617
68844
68861
68873
68911
71158
71301
71329
71360
71384
71616
73303
74989
77991
77992
77993
77999
82146
82153
84029
87642
89594
92727
92974
104741
104838
107807
107970
108150
110635
115237
115355
119182
119570
119607
121396
123606
123630
123631
124087
125017
126941
129211
129228
131682
132971
132999
134018
134780
145068
146570
148121
148192
149096
150311
150610
151075
151171
152946
153994
154059
154101
154257
154417
156419
157920
158781
171548
174174
175805
176870
189821
208898
208902
208908
213039
213046
214348
216239
216326
219024
219078
221493
222528
259331
387447
392622
439693
441074
441140
441243
441278
441289
441290
441300
441335
441350
441401
443872
443879
444031
444795
445643
446157
446220
446284
446541
447043
447715
448601
448812
449171
449193
451668
452548
454216
457193
464205
468595
477468
493570
517045
638678
644073
644241
657181
657237
657298
667484
941651
969472
1349907
1548887
1548943
1548972
1549000
1549008
2724385
2733526
3000322
3000540
3002190
3002977
3005573
3011155
3033818
3034010
3034034
3036505
3052776
3062316
3081361
3083544
4369359
4659569
5277135
5280360
5280453
5280723
5280793
5280795
5281004
5281034
5281037
5281040
5281042
5281071
5281081
5281104
5281107
5282226
5282242
5282379
5282381
5282411
5282443
5282452
5284359
5284371
5284513
5284514
5284543
5284549
5284566
5284569
5284570
5284583
5284592
5284596
5284603
5284604
5284616
5284627
5284632
5288826
5311017
5311027
5311065
5311068
5311128
5311181
5311221
5311304
5311412
5311497
5324346
5328940
5329102
5330286
5352062
5359272
5360373
5360515
5360696
5362065
5362119
5362124
5362129
5362440
5388906
5388937
5388962
5460341
5462224
5462501
5479529
5479530
5479537
5481173
5484727
5486971
5487427
5493444
5742673
6178111
6323289
6326970
6337614
6435415
6436173
6437380
6442177
6445540
6450551
6451149
6451164
6509979
6533629
6540478
6604200
6714002
6914273
6915944
6917715
6918140
6918155
6918173
6918296
6918314
6918456
6918493
6918554
6918558
6918638
6918670
6918837
9552079
9568614
9571107
9690109
9811704
9823820
9833444
9838022
9854012
9854073
9865528
9869929
9871419
9875401
9887712
9924495
9926791
9941444
10071196
10096344
10113978
10182969
10184653
10280735
10324367
11167602
11243969
11354606
11434515
11450633
11556711
11561674
11597698
11625818
11626560
11658860
11707110
15951529
16004692
16129703
16129704
16130199
16134956
16135415
16136245
16139605
16222096
16682734
21585658
23652731
23725625
24776445
24821094
24826799
25074470
25074887
25077405
25102847
25126798
25151504
25154714
25183872
42611257
44462760
44631912
45110509
45375808
45588096
49806720
49846579
54671008
54671203
54675776
54675779
54675783
54676228
54677470
54678486
54680690
54682461
54684141
54726191
54767916
56603655
56640146
57379345
67505836
71496458
135398561
135398654
135398658
135398737
135398738
135398739
135398740
135398744
135398745
135398747
135400189
135401907
135403648
135403821
135409400
135410875
135413536
135423438
135565674
